;static__Age;index__CRP_0;index__Leucocytes_0;index__hour_0;index__day_0;index__month_0;index__timesincemidnight_0;index__OrderOfEvent_0;index__openCases_0;index__remainingtime_0;index__CRP_1;index__LacticAcid_1;index__Leucocytes_1;index__hour_1;index__day_1;index__month_1;index__timesincemidnight_1;index__timesincelast_1;index__timesincestart_1;index__OrderOfEvent_1;index__openCases_1;index__remainingtime_1;index__CRP_2;index__LacticAcid_2;index__Leucocytes_2;index__hour_2;index__day_2;index__month_2;index__timesincemidnight_2;index__timesincelast_2;index__timesincestart_2;index__OrderOfEvent_2;index__openCases_2;index__remainingtime_2;index__CRP_3;index__LacticAcid_3;index__Leucocytes_3;index__hour_3;index__day_3;index__month_3;index__timesincemidnight_3;index__timesincelast_3;index__timesincestart_3;index__OrderOfEvent_3;index__openCases_3;index__remainingtime_3;index__CRP_4;index__LacticAcid_4;index__Leucocytes_4;index__hour_4;index__day_4;index__month_4;index__timesincemidnight_4;index__timesincelast_4;index__timesincestart_4;index__OrderOfEvent_4;index__openCases_4;index__remainingtime_4;index__CRP_5;index__LacticAcid_5;index__Leucocytes_5;index__hour_5;index__day_5;index__month_5;index__timesincemidnight_5;index__timesincelast_5;index__timesincestart_5;index__OrderOfEvent_5;index__openCases_5;index__remainingtime_5;index__CRP_6;index__LacticAcid_6;index__Leucocytes_6;index__hour_6;index__day_6;index__month_6;index__timesincemidnight_6;index__timesincelast_6;index__timesincestart_6;index__OrderOfEvent_6;index__openCases_6;index__remainingtime_6;index__CRP_7;index__LacticAcid_7;index__Leucocytes_7;index__hour_7;index__day_7;index__month_7;index__timesincemidnight_7;index__timesincelast_7;index__timesincestart_7;index__OrderOfEvent_7;index__openCases_7;index__remainingtime_7;index__CRP_8;index__LacticAcid_8;index__Leucocytes_8;index__hour_8;index__day_8;index__month_8;index__timesincemidnight_8;index__timesincelast_8;index__timesincestart_8;index__OrderOfEvent_8;index__openCases_8;index__remainingtime_8;index__CRP_9;index__LacticAcid_9;index__Leucocytes_9;index__hour_9;index__day_9;index__month_9;index__timesincemidnight_9;index__timesincelast_9;index__timesincestart_9;index__OrderOfEvent_9;index__openCases_9;index__remainingtime_9;index__CRP_10;index__LacticAcid_10;index__Leucocytes_10;index__hour_10;index__day_10;index__month_10;index__timesincemidnight_10;index__timesincelast_10;index__timesincestart_10;index__OrderOfEvent_10;index__openCases_10;index__remainingtime_10;encoded_label
static__Age;1.0;-0.111;-0.084;-0.025;0.014;0.05;-0.023;-0.058;-0.061;0.067;-0.049;0.007;-0.117;-0.042;0.014;0.05;-0.044;-0.086;-0.091;-0.026;-0.061;0.067;-0.042;-0.003;-0.015;-0.067;0.015;0.05;-0.071;-0.099;-0.13;0.056;-0.062;0.067;-0.122;0.016;-0.012;-0.069;0.015;0.05;-0.072;-0.014;-0.134;-0.042;-0.062;0.067;-0.079;0.006;-0.033;-0.075;0.015;0.05;-0.078;0.035;-0.121;-0.021;-0.062;0.067;-0.079;0.06;0.034;-0.068;0.015;0.05;-0.068;0.046;-0.048;0.047;-0.062;0.067;-0.137;0.029;0.051;0.008;0.006;0.05;0.009;-0.033;-0.013;0.04;-0.063;0.067;-0.164;0.005;0.058;0.024;0.004;0.05;0.025;-0.007;-0.047;-0.059;-0.062;0.067;-0.157;0.02;0.064;0.077;0.015;0.049;0.075;-0.052;-0.044;-0.015;-0.06;0.067;-0.134;0.03;0.074;-0.034;0.01;0.05;-0.036;0.003;-0.021;-0.008;-0.062;0.067;-0.139;0.046;0.076;0.006;0.002;0.05;0.003;0.022;0.012;-0.02;-0.064;0.067;0.019
index__CRP_0;-0.111;1.0;0.559;-0.069;0.052;-0.01;-0.069;0.686;-0.01;-0.051;0.227;0.038;0.392;-0.051;0.052;-0.01;-0.052;0.107;0.106;-0.328;-0.01;-0.051;0.369;-0.013;0.22;0.024;0.052;-0.01;0.025;0.487;0.438;-0.033;-0.011;-0.051;0.184;-0.063;0.04;0.024;0.052;-0.01;0.027;0.098;0.437;-0.069;-0.011;-0.051;0.188;-0.108;0.031;0.027;0.052;-0.01;0.027;-0.031;0.409;0.0;-0.011;-0.051;0.217;-0.027;0.006;0.04;0.052;-0.01;0.034;0.01;0.292;0.142;-0.01;-0.051;0.151;-0.041;-0.025;0.032;0.053;-0.01;0.028;-0.049;0.112;-0.032;-0.01;-0.051;0.138;-0.035;-0.014;0.021;0.054;-0.01;0.017;0.035;0.08;-0.05;-0.011;-0.051;0.158;-0.05;-0.015;0.046;0.055;-0.01;0.045;-0.026;0.016;-0.084;-0.012;-0.051;0.145;-0.048;-0.007;0.177;0.062;-0.012;0.175;-0.06;-0.064;-0.036;-0.014;-0.05;0.151;-0.041;-0.002;0.153;0.063;-0.011;0.155;-0.071;-0.073;-0.013;-0.013;-0.049;-0.007
index__Leucocytes_0;-0.084;0.559;1.0;-0.092;0.061;0.021;-0.091;0.837;0.037;-0.036;-0.023;-0.017;0.636;-0.039;0.061;0.021;-0.037;0.367;0.365;-0.399;0.037;-0.036;0.186;-0.038;0.34;0.062;0.061;0.021;0.062;0.632;0.721;-0.038;0.034;-0.037;0.051;-0.083;0.079;0.061;0.061;0.021;0.063;0.095;0.713;-0.079;0.034;-0.037;0.098;-0.133;0.081;0.065;0.061;0.021;0.065;-0.036;0.673;-0.004;0.034;-0.037;0.126;-0.093;0.013;0.08;0.061;0.021;0.075;0.021;0.483;0.101;0.034;-0.037;0.079;-0.095;0.002;0.045;0.063;0.021;0.04;-0.068;0.223;0.033;0.035;-0.037;0.07;-0.098;-0.014;0.024;0.064;0.021;0.022;0.038;0.125;-0.049;0.034;-0.037;0.084;-0.091;-0.013;0.027;0.066;0.021;0.028;-0.025;0.036;-0.026;0.035;-0.036;0.052;-0.109;-0.005;0.209;0.074;0.019;0.209;-0.082;-0.055;-0.068;0.033;-0.035;0.071;-0.084;-0.002;0.122;0.069;0.021;0.121;-0.028;-0.02;0.023;0.038;-0.036;-0.008
index__hour_0;-0.025;-0.069;-0.092;1.0;-0.008;-0.114;0.999;-0.062;-0.049;-0.008;-0.043;-0.057;-0.123;0.95;-0.007;-0.114;0.949;-0.084;-0.086;-0.013;-0.049;-0.008;-0.074;-0.024;-0.048;0.912;-0.006;-0.114;0.91;-0.068;-0.113;0.009;-0.049;-0.008;-0.005;0.001;-0.08;0.909;-0.006;-0.114;0.908;-0.05;-0.108;0.019;-0.049;-0.008;-0.041;-0.04;-0.091;0.896;-0.006;-0.114;0.895;0.009;-0.1;-0.024;-0.049;-0.008;-0.017;-0.053;-0.044;0.851;-0.005;-0.114;0.851;0.056;-0.036;-0.012;-0.049;-0.008;-0.003;-0.036;-0.034;0.612;-0.012;-0.113;0.61;0.083;0.029;0.03;-0.049;-0.008;-0.009;-0.037;-0.021;0.499;-0.009;-0.113;0.496;-0.018;0.012;-0.003;-0.047;-0.008;0.013;-0.051;-0.022;0.28;-0.003;-0.113;0.28;0.033;0.027;0.022;-0.046;-0.008;-0.044;-0.08;-0.005;0.023;0.026;-0.115;0.021;-0.042;-0.051;0.022;-0.047;-0.007;0.022;-0.055;-0.01;0.016;0.039;-0.106;0.015;-0.112;-0.106;-0.032;-0.05;-0.005;-0.098
index__day_0;0.014;0.052;0.061;-0.008;1.0;0.01;-0.006;0.054;-0.01;0.008;0.03;0.036;0.026;-0.007;1.0;0.01;-0.007;0.004;0.001;-0.037;-0.009;0.008;0.096;0.03;0.058;0.009;1.0;0.01;0.011;0.037;0.029;0.019;-0.009;0.008;0.02;-0.01;-0.055;0.011;1.0;0.01;0.012;-0.005;0.036;-0.039;-0.01;0.008;0.083;-0.05;0.005;0.01;1.0;0.01;0.009;0.039;0.042;0.0;-0.01;0.008;0.072;-0.009;-0.017;0.001;1.0;0.01;-0.001;-0.02;0.017;0.011;-0.01;0.008;0.062;-0.05;-0.008;0.012;0.984;0.012;0.011;0.024;0.024;0.016;-0.012;0.007;0.063;-0.026;-0.011;0.049;0.983;0.012;0.05;0.018;0.031;-0.006;-0.014;0.007;0.072;-0.027;-0.013;0.013;0.934;0.016;0.015;-0.005;-0.013;0.037;-0.015;0.008;0.027;0.011;-0.009;0.005;0.715;0.033;0.007;-0.079;-0.078;0.033;-0.019;0.009;0.059;-0.003;-0.014;-0.001;0.632;0.032;0.003;-0.056;-0.094;0.048;-0.017;0.01;0.049
index__month_0;0.05;-0.01;0.021;-0.114;0.01;1.0;-0.112;0.033;0.219;-0.002;-0.047;-0.0;0.022;-0.1;0.01;1.0;-0.1;0.003;0.002;-0.016;0.219;-0.002;0.064;-0.041;0.024;-0.078;0.01;1.0;-0.079;0.016;0.016;-0.007;0.219;-0.002;0.044;0.032;0.044;-0.083;0.01;1.0;-0.081;-0.029;0.004;0.049;0.219;-0.002;0.03;0.08;0.009;-0.098;0.01;1.0;-0.096;-0.072;-0.017;0.026;0.219;-0.002;-0.03;0.061;0.048;-0.122;0.01;1.0;-0.12;-0.074;-0.06;-0.076;0.219;-0.002;0.014;0.054;0.062;-0.074;0.016;1.0;-0.073;-0.036;-0.094;-0.017;0.218;-0.002;0.044;0.079;0.061;-0.059;0.015;1.0;-0.056;-0.048;-0.057;0.055;0.217;-0.002;0.029;0.081;0.063;-0.035;0.017;1.0;-0.034;-0.057;-0.086;0.005;0.217;-0.002;0.053;0.052;0.067;0.023;0.024;0.998;0.022;-0.092;-0.112;-0.05;0.217;-0.001;0.044;0.071;0.074;0.01;0.045;0.991;0.008;-0.007;-0.056;0.052;0.213;-0.001;-0.014
index__timesincemidnight_0;-0.023;-0.069;-0.091;0.999;-0.006;-0.112;1.0;-0.061;-0.049;-0.008;-0.042;-0.058;-0.124;0.949;-0.005;-0.112;0.949;-0.085;-0.087;-0.015;-0.049;-0.008;-0.071;-0.024;-0.048;0.911;-0.004;-0.112;0.91;-0.066;-0.112;0.008;-0.049;-0.008;-0.002;0.002;-0.08;0.91;-0.004;-0.112;0.908;-0.048;-0.107;0.023;-0.049;-0.008;-0.039;-0.037;-0.091;0.896;-0.004;-0.112;0.895;0.011;-0.099;-0.024;-0.049;-0.008;-0.016;-0.051;-0.044;0.852;-0.003;-0.112;0.852;0.053;-0.037;-0.014;-0.049;-0.008;-0.001;-0.035;-0.036;0.613;-0.01;-0.111;0.611;0.083;0.028;0.029;-0.049;-0.008;-0.008;-0.035;-0.024;0.501;-0.007;-0.111;0.497;-0.021;0.011;-0.002;-0.047;-0.008;0.016;-0.048;-0.024;0.282;-0.001;-0.111;0.282;0.032;0.024;0.022;-0.045;-0.008;-0.041;-0.08;-0.008;0.019;0.027;-0.114;0.017;-0.043;-0.053;0.022;-0.047;-0.007;0.026;-0.054;-0.012;0.013;0.038;-0.104;0.012;-0.11;-0.107;-0.032;-0.05;-0.006;-0.097
index__OrderOfEvent_0;-0.058;0.686;0.837;-0.062;0.054;0.033;-0.061;1.0;0.026;-0.054;-0.02;-0.015;0.532;-0.065;0.054;0.033;-0.064;-0.037;-0.039;-0.471;0.026;-0.054;0.241;-0.034;0.282;0.058;0.054;0.033;0.057;0.77;0.554;-0.034;0.024;-0.054;0.096;-0.074;0.062;0.059;0.054;0.033;0.059;0.113;0.554;-0.071;0.024;-0.054;0.099;-0.119;0.061;0.06;0.054;0.033;0.059;-0.032;0.518;-0.0;0.024;-0.054;0.12;-0.087;0.004;0.071;0.054;0.033;0.068;0.023;0.374;0.104;0.024;-0.054;0.074;-0.084;-0.007;0.045;0.055;0.033;0.042;-0.064;0.165;0.005;0.025;-0.054;0.069;-0.077;-0.021;0.023;0.057;0.033;0.021;0.047;0.108;-0.028;0.024;-0.054;0.087;-0.068;-0.02;0.046;0.058;0.032;0.045;-0.027;0.028;-0.043;0.024;-0.054;0.056;-0.095;-0.013;0.203;0.065;0.031;0.2;-0.068;-0.052;-0.059;0.022;-0.053;0.077;-0.061;-0.006;0.149;0.07;0.031;0.148;-0.063;-0.058;-0.001;0.025;-0.053;-0.007
index__openCases_0;-0.061;-0.01;0.037;-0.049;-0.01;0.219;-0.049;0.026;1.0;-0.112;0.028;0.053;0.084;-0.043;-0.01;0.219;-0.042;0.02;0.022;0.038;1.0;-0.112;-0.038;0.027;0.107;-0.02;-0.01;0.219;-0.019;0.066;0.059;0.037;1.0;-0.112;-0.017;-0.015;-0.072;-0.019;-0.01;0.219;-0.019;-0.005;0.055;-0.006;1.0;-0.112;-0.006;0.012;0.064;-0.008;-0.011;0.219;-0.008;-0.013;0.05;0.036;1.0;-0.112;-0.05;-0.012;-0.074;-0.029;-0.01;0.219;-0.029;-0.011;0.029;-0.054;1.0;-0.112;0.005;-0.011;-0.044;-0.018;-0.014;0.22;-0.016;-0.017;-0.029;-0.025;1.0;-0.112;0.023;-0.018;-0.045;0.017;-0.015;0.22;0.018;-0.004;-0.023;0.035;0.999;-0.112;0.019;-0.029;-0.04;0.011;-0.03;0.221;0.013;-0.127;-0.092;-0.088;0.999;-0.111;0.055;-0.028;-0.054;-0.066;-0.071;0.225;-0.064;0.053;0.011;0.049;0.995;-0.112;0.06;-0.037;-0.052;-0.066;-0.066;0.226;-0.066;-0.034;-0.041;0.01;0.993;-0.111;0.048
index__remainingtime_0;0.067;-0.051;-0.036;-0.008;0.008;-0.002;-0.008;-0.054;-0.112;1.0;-0.05;0.039;-0.029;-0.019;0.008;-0.002;-0.023;0.015;0.011;0.043;-0.112;1.0;-0.087;-0.041;-0.062;-0.029;0.008;-0.002;-0.033;-0.063;-0.036;-0.033;-0.112;1.0;-0.035;-0.026;0.011;-0.034;0.008;-0.002;-0.036;-0.07;-0.049;0.025;-0.112;1.0;-0.065;0.043;0.049;-0.034;0.008;-0.002;-0.034;-0.005;-0.053;0.025;-0.112;1.0;-0.095;-0.047;0.015;-0.031;0.008;-0.002;-0.03;-0.053;-0.068;-0.041;-0.113;1.0;-0.055;0.007;0.022;-0.012;0.01;-0.003;-0.009;-0.021;-0.046;0.037;-0.113;1.0;-0.079;0.009;0.038;-0.005;0.008;-0.003;-0.002;-0.054;-0.075;0.022;-0.111;1.0;-0.086;0.027;0.041;0.016;0.015;-0.003;0.019;0.007;-0.033;-0.047;-0.111;1.0;-0.092;-0.013;0.043;0.055;0.055;-0.006;0.056;0.046;-0.005;-0.001;-0.117;1.0;-0.071;-0.006;0.023;0.077;0.068;-0.008;0.078;-0.021;-0.007;-0.023;-0.119;1.0;-0.023
index__CRP_1;-0.049;0.227;-0.023;-0.043;0.03;-0.047;-0.042;-0.02;0.028;-0.05;1.0;0.201;0.361;-0.017;0.03;-0.047;-0.021;0.079;0.125;0.326;0.027;-0.05;0.418;0.296;0.278;-0.015;0.03;-0.047;-0.017;0.055;0.093;0.128;0.028;-0.05;0.06;-0.054;0.073;-0.02;0.03;-0.047;-0.022;-0.037;0.07;-0.273;0.028;-0.05;0.232;-0.02;0.074;-0.017;0.03;-0.047;-0.018;0.02;0.078;-0.017;0.028;-0.05;0.245;0.052;0.025;-0.013;0.03;-0.047;-0.015;-0.018;0.047;0.1;0.028;-0.05;0.181;-0.026;-0.007;-0.013;0.031;-0.047;-0.013;-0.052;-0.017;0.002;0.028;-0.05;0.169;-0.038;0.002;0.008;0.03;-0.047;0.008;0.001;-0.01;0.045;0.029;-0.05;0.16;-0.03;0.003;-0.001;0.033;-0.047;0.001;-0.028;-0.031;0.031;0.029;-0.05;0.14;-0.023;0.016;0.052;0.009;-0.045;0.055;-0.044;-0.04;-0.12;0.025;-0.049;0.117;-0.016;-0.0;0.027;0.014;-0.045;0.032;0.005;-0.04;0.058;0.027;-0.049;-0.009
index__LacticAcid_1;0.007;0.038;-0.017;-0.057;0.036;-0.0;-0.058;-0.015;0.053;0.039;0.201;1.0;0.382;-0.054;0.036;-0.0;-0.055;0.002;0.003;0.713;0.053;0.039;-0.018;0.352;0.099;-0.055;0.036;-0.0;-0.056;-0.021;-0.015;-0.171;0.053;0.039;-0.073;0.04;0.057;-0.06;0.036;-0.0;-0.06;-0.024;-0.031;-0.23;0.053;0.039;-0.01;0.033;0.056;-0.058;0.036;-0.0;-0.059;-0.018;-0.029;-0.012;0.053;0.039;-0.012;0.066;0.005;-0.06;0.036;-0.0;-0.059;-0.027;-0.035;0.046;0.053;0.039;-0.044;0.004;-0.005;-0.037;0.036;-0.0;-0.035;-0.013;-0.028;0.022;0.053;0.039;-0.048;0.005;-0.013;-0.073;0.038;-0.0;-0.07;0.053;0.024;0.044;0.053;0.039;-0.066;-0.008;-0.012;-0.079;0.041;-0.001;-0.077;-0.023;-0.008;-0.03;0.054;0.039;-0.058;-0.002;-0.009;0.003;0.064;-0.002;0.001;0.006;0.065;0.008;0.06;0.038;-0.082;0.003;-0.018;-0.018;0.071;-0.002;-0.021;0.038;0.043;-0.027;0.057;0.038;-0.007
index__Leucocytes_1;-0.117;0.392;0.636;-0.123;0.026;0.022;-0.124;0.532;0.084;-0.029;0.361;0.382;1.0;-0.082;0.026;0.022;-0.084;0.223;0.252;0.293;0.084;-0.029;0.231;0.279;0.456;-0.01;0.026;0.022;-0.011;0.48;0.508;0.021;0.083;-0.029;-0.047;-0.083;0.127;-0.014;0.026;0.022;-0.014;0.031;0.486;-0.336;0.083;-0.029;0.108;-0.076;0.134;-0.009;0.026;0.022;-0.011;-0.022;0.464;-0.015;0.083;-0.029;0.128;-0.01;0.03;0.002;0.026;0.022;-0.002;-0.005;0.324;0.129;0.083;-0.029;0.06;-0.074;0.009;-0.03;0.028;0.022;-0.033;-0.072;0.137;0.034;0.084;-0.029;0.049;-0.081;-0.008;-0.046;0.03;0.022;-0.048;0.078;0.111;0.012;0.084;-0.029;0.039;-0.095;-0.008;-0.063;0.035;0.021;-0.062;-0.033;0.022;0.013;0.085;-0.029;0.033;-0.102;0.005;0.16;0.056;0.019;0.161;-0.077;-0.026;-0.099;0.083;-0.028;0.011;-0.082;-0.004;0.068;0.047;0.021;0.068;-0.002;-0.009;0.023;0.085;-0.029;-0.012
index__hour_1;-0.042;-0.051;-0.039;0.95;-0.007;-0.1;0.949;-0.065;-0.043;-0.019;-0.017;-0.054;-0.082;1.0;-0.008;-0.1;0.999;0.052;0.05;-0.005;-0.043;-0.019;-0.057;-0.018;-0.023;0.961;-0.008;-0.1;0.96;-0.067;-0.021;0.013;-0.043;-0.019;0.006;-0.004;-0.068;0.958;-0.008;-0.1;0.958;-0.048;-0.017;0.013;-0.043;-0.019;-0.02;-0.038;-0.073;0.945;-0.007;-0.1;0.946;0.012;-0.013;-0.015;-0.043;-0.019;-0.015;-0.055;-0.034;0.9;-0.006;-0.1;0.901;0.06;0.026;-0.021;-0.042;-0.019;0.018;-0.036;-0.03;0.656;-0.014;-0.098;0.654;0.093;0.059;0.035;-0.043;-0.019;0.009;-0.039;-0.015;0.545;-0.011;-0.098;0.542;-0.018;0.031;0.001;-0.041;-0.019;0.021;-0.05;-0.016;0.312;-0.005;-0.098;0.311;0.036;0.039;0.021;-0.039;-0.019;-0.035;-0.08;0.001;0.019;0.024;-0.101;0.017;-0.04;-0.041;0.022;-0.039;-0.018;0.027;-0.055;-0.005;0.025;0.032;-0.091;0.025;-0.093;-0.086;-0.044;-0.041;-0.017;-0.094
index__day_1;0.014;0.052;0.061;-0.007;1.0;0.01;-0.005;0.054;-0.01;0.008;0.03;0.036;0.026;-0.008;1.0;0.01;-0.008;0.004;0.001;-0.037;-0.009;0.008;0.096;0.03;0.057;0.008;1.0;0.01;0.009;0.037;0.029;0.019;-0.01;0.008;0.019;-0.01;-0.055;0.01;1.0;0.01;0.011;-0.006;0.036;-0.039;-0.01;0.008;0.083;-0.05;0.005;0.009;1.0;0.01;0.008;0.039;0.042;0.0;-0.01;0.008;0.072;-0.009;-0.018;0.0;1.0;0.01;-0.002;-0.02;0.016;0.011;-0.01;0.008;0.062;-0.05;-0.008;0.011;0.984;0.011;0.01;0.024;0.023;0.016;-0.012;0.008;0.062;-0.026;-0.012;0.048;0.983;0.011;0.049;0.018;0.031;-0.006;-0.014;0.008;0.072;-0.027;-0.013;0.012;0.934;0.015;0.014;-0.005;-0.014;0.037;-0.015;0.008;0.027;0.011;-0.009;0.006;0.715;0.033;0.007;-0.079;-0.078;0.033;-0.019;0.009;0.059;-0.003;-0.014;-0.001;0.632;0.031;0.003;-0.057;-0.094;0.049;-0.018;0.01;0.049
index__month_1;0.05;-0.01;0.021;-0.114;0.01;1.0;-0.112;0.033;0.219;-0.002;-0.047;-0.0;0.022;-0.1;0.01;1.0;-0.1;0.003;0.002;-0.016;0.219;-0.002;0.064;-0.041;0.024;-0.078;0.01;1.0;-0.079;0.016;0.016;-0.007;0.219;-0.002;0.044;0.032;0.044;-0.083;0.01;1.0;-0.081;-0.029;0.004;0.049;0.219;-0.002;0.03;0.08;0.009;-0.098;0.01;1.0;-0.096;-0.072;-0.017;0.026;0.219;-0.002;-0.03;0.061;0.048;-0.122;0.01;1.0;-0.12;-0.074;-0.06;-0.076;0.219;-0.002;0.014;0.054;0.062;-0.074;0.016;1.0;-0.073;-0.036;-0.094;-0.017;0.218;-0.002;0.044;0.079;0.061;-0.059;0.015;1.0;-0.056;-0.048;-0.057;0.055;0.217;-0.002;0.029;0.081;0.063;-0.035;0.017;1.0;-0.034;-0.057;-0.086;0.005;0.217;-0.002;0.053;0.052;0.067;0.023;0.024;0.998;0.022;-0.092;-0.112;-0.05;0.217;-0.001;0.044;0.071;0.074;0.01;0.045;0.991;0.008;-0.007;-0.056;0.052;0.213;-0.001;-0.014
index__timesincemidnight_1;-0.044;-0.052;-0.037;0.949;-0.007;-0.1;0.949;-0.064;-0.042;-0.023;-0.021;-0.055;-0.084;0.999;-0.008;-0.1;1.0;0.055;0.053;-0.008;-0.042;-0.023;-0.059;-0.018;-0.023;0.96;-0.008;-0.1;0.961;-0.065;-0.017;0.012;-0.042;-0.023;0.005;-0.003;-0.069;0.959;-0.008;-0.1;0.959;-0.045;-0.013;0.016;-0.042;-0.023;-0.02;-0.038;-0.074;0.946;-0.007;-0.1;0.947;0.014;-0.009;-0.015;-0.042;-0.023;-0.015;-0.056;-0.034;0.901;-0.006;-0.1;0.901;0.057;0.028;-0.022;-0.041;-0.023;0.017;-0.036;-0.031;0.655;-0.014;-0.099;0.653;0.09;0.059;0.034;-0.042;-0.023;0.008;-0.038;-0.017;0.543;-0.011;-0.099;0.54;-0.017;0.031;-0.0;-0.04;-0.023;0.02;-0.049;-0.017;0.313;-0.005;-0.099;0.313;0.036;0.038;0.022;-0.038;-0.024;-0.036;-0.08;-0.002;0.017;0.024;-0.101;0.015;-0.04;-0.04;0.025;-0.038;-0.023;0.025;-0.055;-0.007;0.023;0.031;-0.092;0.023;-0.094;-0.088;-0.046;-0.04;-0.021;-0.096
index__timesincelast_1;-0.086;0.107;0.367;-0.084;0.004;0.003;-0.085;-0.037;0.02;0.015;0.079;0.002;0.223;0.052;0.004;0.003;0.055;1.0;0.998;0.013;0.019;0.015;0.021;-0.02;0.111;0.046;0.004;0.003;0.051;-0.022;0.656;-0.024;0.019;0.015;-0.034;-0.048;0.008;0.043;0.004;0.003;0.049;-0.024;0.632;-0.053;0.019;0.015;0.027;-0.087;0.001;0.048;0.004;0.003;0.05;-0.026;0.598;-0.005;0.019;0.015;0.055;-0.022;-0.007;0.044;0.005;0.003;0.041;0.003;0.421;0.08;0.019;0.015;0.026;-0.023;-0.022;0.028;-0.002;0.003;0.025;-0.013;0.172;0.06;0.019;0.015;0.004;-0.068;-0.014;0.033;-0.002;0.003;0.033;0.009;0.096;-0.114;0.018;0.015;0.016;-0.037;-0.013;-0.012;0.003;0.003;-0.009;-0.002;0.046;-0.011;0.018;0.015;-0.004;-0.029;-0.011;0.118;0.011;0.002;0.12;-0.012;0.003;-0.04;0.017;0.015;0.0;-0.027;-0.014;0.014;-0.007;0.005;0.017;0.081;0.083;0.042;0.022;0.013;0.002
index__timesincestart_1;-0.091;0.106;0.365;-0.086;0.001;0.002;-0.087;-0.039;0.022;0.011;0.125;0.003;0.252;0.05;0.001;0.002;0.053;0.998;1.0;0.036;0.022;0.011;0.041;0.007;0.132;0.044;0.001;0.002;0.049;-0.02;0.656;-0.008;0.022;0.011;-0.037;-0.052;0.014;0.041;0.001;0.002;0.046;-0.026;0.631;-0.075;0.022;0.011;0.036;-0.086;0.007;0.046;0.001;0.002;0.048;-0.024;0.598;-0.006;0.022;0.011;0.064;-0.018;-0.006;0.042;0.001;0.002;0.039;0.001;0.42;0.084;0.022;0.011;0.032;-0.024;-0.022;0.026;-0.005;0.002;0.023;-0.016;0.17;0.064;0.022;0.011;0.009;-0.07;-0.014;0.034;-0.005;0.002;0.034;0.009;0.095;-0.108;0.021;0.011;0.02;-0.04;-0.013;-0.013;-0.0;0.002;-0.01;-0.003;0.045;-0.012;0.021;0.011;0.002;-0.031;-0.011;0.119;0.009;0.001;0.122;-0.013;0.002;-0.043;0.02;0.011;0.002;-0.029;-0.014;0.011;-0.01;0.004;0.014;0.08;0.081;0.043;0.025;0.009;0.001
index__OrderOfEvent_1;-0.026;-0.328;-0.399;-0.013;-0.037;-0.016;-0.015;-0.471;0.038;0.043;0.326;0.713;0.293;-0.005;-0.037;-0.016;-0.008;0.013;0.036;1.0;0.038;0.043;-0.06;0.415;0.038;-0.063;-0.037;-0.016;-0.065;-0.353;-0.258;-0.021;0.039;0.044;-0.145;0.022;0.036;-0.069;-0.037;-0.016;-0.07;-0.099;-0.279;-0.297;0.039;0.044;-0.029;0.089;0.036;-0.068;-0.037;-0.016;-0.068;0.01;-0.256;-0.014;0.039;0.044;-0.039;0.112;0.004;-0.075;-0.037;-0.016;-0.074;-0.044;-0.204;0.006;0.039;0.044;-0.057;0.039;-0.004;-0.062;-0.037;-0.016;-0.06;0.005;-0.111;0.032;0.039;0.044;-0.059;0.032;-0.008;-0.092;-0.034;-0.016;-0.09;0.069;-0.001;0.076;0.04;0.043;-0.09;0.009;-0.008;-0.135;-0.03;-0.016;-0.134;-0.003;-0.004;-0.004;0.04;0.043;-0.065;0.028;-0.003;-0.057;-0.013;-0.017;-0.057;0.01;0.069;-0.01;0.044;0.042;-0.097;0.018;-0.015;-0.077;-0.006;-0.017;-0.079;0.071;0.06;0.002;0.041;0.042;-0.004
index__openCases_1;-0.061;-0.01;0.037;-0.049;-0.009;0.219;-0.049;0.026;1.0;-0.112;0.027;0.053;0.084;-0.043;-0.009;0.219;-0.042;0.019;0.022;0.038;1.0;-0.112;-0.039;0.028;0.107;-0.02;-0.01;0.219;-0.019;0.066;0.059;0.037;1.0;-0.113;-0.018;-0.015;-0.072;-0.019;-0.01;0.219;-0.02;-0.005;0.055;-0.006;1.0;-0.113;-0.007;0.012;0.064;-0.008;-0.01;0.219;-0.008;-0.013;0.05;0.036;1.0;-0.113;-0.05;-0.012;-0.074;-0.029;-0.01;0.219;-0.029;-0.011;0.028;-0.054;1.0;-0.112;0.004;-0.011;-0.043;-0.019;-0.013;0.22;-0.017;-0.019;-0.03;-0.026;1.0;-0.112;0.023;-0.018;-0.045;0.017;-0.014;0.22;0.018;-0.004;-0.024;0.036;0.999;-0.112;0.019;-0.029;-0.04;0.011;-0.029;0.22;0.013;-0.127;-0.092;-0.088;0.999;-0.112;0.056;-0.028;-0.053;-0.066;-0.07;0.224;-0.064;0.053;0.011;0.049;0.996;-0.113;0.059;-0.037;-0.052;-0.066;-0.066;0.226;-0.066;-0.034;-0.041;0.01;0.993;-0.111;0.049
index__remainingtime_1;0.067;-0.051;-0.036;-0.008;0.008;-0.002;-0.008;-0.054;-0.112;1.0;-0.05;0.039;-0.029;-0.019;0.008;-0.002;-0.023;0.015;0.011;0.043;-0.112;1.0;-0.087;-0.041;-0.062;-0.029;0.008;-0.002;-0.033;-0.063;-0.036;-0.033;-0.112;1.0;-0.035;-0.026;0.01;-0.034;0.008;-0.002;-0.036;-0.07;-0.049;0.025;-0.112;1.0;-0.065;0.043;0.049;-0.034;0.008;-0.002;-0.034;-0.005;-0.053;0.025;-0.112;1.0;-0.095;-0.047;0.015;-0.031;0.008;-0.002;-0.03;-0.053;-0.068;-0.041;-0.113;1.0;-0.055;0.007;0.022;-0.012;0.01;-0.003;-0.009;-0.021;-0.046;0.037;-0.113;1.0;-0.079;0.009;0.038;-0.005;0.008;-0.003;-0.002;-0.054;-0.075;0.022;-0.111;1.0;-0.086;0.027;0.041;0.016;0.015;-0.003;0.019;0.007;-0.033;-0.047;-0.111;1.0;-0.092;-0.013;0.043;0.055;0.055;-0.006;0.056;0.046;-0.005;-0.001;-0.117;1.0;-0.071;-0.006;0.023;0.077;0.068;-0.008;0.078;-0.021;-0.007;-0.023;-0.119;1.0;-0.023
index__CRP_2;-0.042;0.369;0.186;-0.074;0.096;0.064;-0.071;0.241;-0.038;-0.087;0.418;-0.018;0.231;-0.057;0.096;0.064;-0.059;0.021;0.041;-0.06;-0.039;-0.087;1.0;0.385;0.516;-0.022;0.096;0.064;-0.025;0.204;0.195;0.478;-0.039;-0.087;0.2;0.2;0.08;-0.033;0.096;0.064;-0.034;0.001;0.152;-0.284;-0.039;-0.087;0.353;-0.091;0.256;-0.029;0.096;0.064;-0.029;0.048;0.153;-0.219;-0.039;-0.087;0.549;0.158;0.091;0.005;0.096;0.064;-0.002;0.078;0.163;0.165;-0.039;-0.087;0.414;0.014;0.047;-0.046;0.09;0.065;-0.049;-0.122;-0.009;0.049;-0.04;-0.087;0.387;0.009;0.041;-0.02;0.09;0.065;-0.023;-0.009;-0.003;0.076;-0.04;-0.087;0.378;-0.014;0.042;0.013;0.096;0.064;0.013;-0.022;-0.038;-0.034;-0.039;-0.087;0.339;-0.015;0.041;0.068;0.063;0.066;0.067;-0.061;-0.067;-0.054;-0.04;-0.086;0.315;-0.004;0.022;0.054;0.069;0.06;0.057;-0.045;-0.077;0.044;-0.039;-0.085;-0.018
index__LacticAcid_2;-0.003;-0.013;-0.038;-0.024;0.03;-0.041;-0.024;-0.034;0.027;-0.041;0.296;0.352;0.279;-0.018;0.03;-0.041;-0.018;-0.02;0.007;0.415;0.028;-0.041;0.385;1.0;0.433;-0.01;0.03;-0.041;-0.012;0.013;0.011;0.621;0.028;-0.041;-0.159;0.224;0.027;-0.02;0.03;-0.041;-0.021;-0.085;-0.03;-0.46;0.028;-0.041;0.003;0.097;0.164;-0.018;0.03;-0.041;-0.02;0.004;-0.03;-0.174;0.028;-0.041;0.161;0.243;0.039;-0.024;0.03;-0.041;-0.029;0.008;-0.01;0.102;0.027;-0.041;0.077;0.094;0.012;-0.081;0.034;-0.042;-0.083;-0.085;-0.067;0.078;0.027;-0.041;0.056;0.089;0.003;-0.07;0.033;-0.042;-0.07;-0.007;-0.038;0.064;0.027;-0.041;0.028;0.062;0.004;-0.038;0.038;-0.042;-0.037;-0.017;-0.049;-0.017;0.029;-0.04;0.051;0.063;0.006;0.042;0.011;-0.04;0.041;-0.023;-0.01;0.011;0.027;-0.041;-0.003;0.06;-0.0;-0.073;0.024;-0.04;-0.073;-0.034;-0.028;-0.008;0.029;-0.04;-0.015
index__Leucocytes_2;-0.015;0.22;0.34;-0.048;0.058;0.024;-0.048;0.282;0.107;-0.062;0.278;0.099;0.456;-0.023;0.057;0.024;-0.023;0.111;0.132;0.038;0.107;-0.062;0.516;0.433;1.0;0.017;0.058;0.024;0.015;0.296;0.301;0.646;0.106;-0.062;-0.068;0.069;0.138;0.009;0.058;0.024;0.008;0.001;0.264;-0.316;0.106;-0.062;0.014;-0.111;0.327;0.014;0.058;0.024;0.013;-0.004;0.262;-0.27;0.106;-0.062;0.248;0.071;0.143;0.031;0.057;0.024;0.027;0.045;0.218;0.137;0.107;-0.062;0.152;-0.045;0.105;-0.011;0.061;0.023;-0.013;-0.095;0.055;0.056;0.106;-0.062;0.131;-0.045;0.091;-0.009;0.061;0.023;-0.011;0.014;0.037;0.049;0.106;-0.062;0.12;-0.064;0.09;-0.019;0.069;0.023;-0.016;0.008;0.005;0.026;0.107;-0.062;0.125;-0.086;0.088;0.039;0.022;0.026;0.039;-0.041;-0.037;-0.019;0.102;-0.061;0.104;-0.068;0.071;-0.023;0.023;0.027;-0.022;-0.048;-0.037;-0.002;0.105;-0.061;-0.016
index__hour_2;-0.067;0.024;0.062;0.912;0.009;-0.078;0.911;0.058;-0.02;-0.029;-0.015;-0.055;-0.01;0.961;0.008;-0.078;0.96;0.046;0.044;-0.063;-0.02;-0.029;-0.022;-0.01;0.017;1.0;0.007;-0.078;0.999;0.085;0.091;0.007;-0.02;-0.029;0.022;-0.002;-0.06;0.997;0.007;-0.078;0.997;-0.029;0.094;0.011;-0.02;-0.029;-0.011;-0.046;-0.056;0.98;0.007;-0.078;0.981;-0.038;0.074;-0.027;-0.02;-0.029;0.01;-0.054;-0.026;0.929;0.008;-0.078;0.928;0.018;0.059;0.002;-0.019;-0.029;0.027;-0.036;-0.027;0.675;0.001;-0.077;0.672;0.082;0.074;0.031;-0.019;-0.03;0.021;-0.039;-0.013;0.565;0.003;-0.077;0.562;-0.035;0.024;-0.02;-0.018;-0.029;0.037;-0.043;-0.015;0.336;0.01;-0.077;0.336;0.038;0.035;0.046;-0.016;-0.03;-0.018;-0.081;0.001;0.054;0.035;-0.08;0.052;-0.069;-0.069;0.003;-0.015;-0.028;0.042;-0.046;-0.004;0.039;0.039;-0.07;0.04;-0.097;-0.105;-0.043;-0.016;-0.027;-0.095
index__day_2;0.015;0.052;0.061;-0.006;1.0;0.01;-0.004;0.054;-0.01;0.008;0.03;0.036;0.026;-0.008;1.0;0.01;-0.008;0.004;0.001;-0.037;-0.01;0.008;0.096;0.03;0.058;0.007;1.0;0.01;0.009;0.037;0.029;0.019;-0.01;0.008;0.019;-0.011;-0.056;0.009;1.0;0.01;0.01;-0.006;0.036;-0.039;-0.01;0.008;0.083;-0.051;0.005;0.008;1.0;0.01;0.007;0.04;0.043;0.0;-0.01;0.008;0.072;-0.009;-0.018;-0.0;1.0;0.01;-0.003;-0.019;0.018;0.011;-0.011;0.008;0.062;-0.05;-0.008;0.011;0.984;0.011;0.01;0.024;0.024;0.016;-0.012;0.008;0.062;-0.026;-0.012;0.048;0.983;0.011;0.048;0.018;0.031;-0.006;-0.014;0.008;0.072;-0.028;-0.014;0.012;0.934;0.015;0.013;-0.005;-0.013;0.036;-0.016;0.008;0.027;0.011;-0.009;0.006;0.715;0.033;0.007;-0.078;-0.078;0.033;-0.02;0.009;0.059;-0.004;-0.014;-0.001;0.632;0.031;0.003;-0.057;-0.094;0.049;-0.018;0.01;0.049
index__month_2;0.05;-0.01;0.021;-0.114;0.01;1.0;-0.112;0.033;0.219;-0.002;-0.047;-0.0;0.022;-0.1;0.01;1.0;-0.1;0.003;0.002;-0.016;0.219;-0.002;0.064;-0.041;0.024;-0.078;0.01;1.0;-0.079;0.016;0.016;-0.007;0.219;-0.002;0.044;0.032;0.044;-0.083;0.01;1.0;-0.081;-0.029;0.004;0.049;0.219;-0.002;0.03;0.08;0.009;-0.098;0.01;1.0;-0.096;-0.072;-0.017;0.026;0.219;-0.002;-0.03;0.061;0.048;-0.122;0.01;1.0;-0.12;-0.074;-0.06;-0.076;0.219;-0.002;0.014;0.054;0.062;-0.074;0.016;1.0;-0.073;-0.036;-0.094;-0.017;0.218;-0.002;0.044;0.079;0.061;-0.059;0.015;1.0;-0.056;-0.048;-0.057;0.055;0.217;-0.002;0.029;0.081;0.063;-0.035;0.017;1.0;-0.034;-0.057;-0.086;0.005;0.217;-0.002;0.053;0.052;0.067;0.023;0.024;0.998;0.022;-0.092;-0.112;-0.05;0.217;-0.001;0.044;0.071;0.074;0.01;0.045;0.991;0.008;-0.007;-0.056;0.052;0.213;-0.001;-0.014
index__timesincemidnight_2;-0.071;0.025;0.062;0.91;0.011;-0.079;0.91;0.057;-0.019;-0.033;-0.017;-0.056;-0.011;0.96;0.009;-0.079;0.961;0.051;0.049;-0.065;-0.019;-0.033;-0.025;-0.012;0.015;0.999;0.009;-0.079;1.0;0.086;0.095;0.005;-0.019;-0.033;0.021;-0.002;-0.058;0.997;0.009;-0.079;0.999;-0.026;0.099;0.015;-0.019;-0.033;-0.013;-0.047;-0.057;0.981;0.009;-0.079;0.982;-0.036;0.079;-0.026;-0.019;-0.033;0.008;-0.054;-0.026;0.929;0.01;-0.079;0.929;0.017;0.062;0.001;-0.018;-0.033;0.025;-0.034;-0.028;0.676;0.002;-0.078;0.672;0.081;0.075;0.029;-0.019;-0.033;0.019;-0.037;-0.015;0.565;0.005;-0.078;0.562;-0.034;0.025;-0.022;-0.017;-0.033;0.035;-0.041;-0.016;0.339;0.011;-0.078;0.339;0.037;0.035;0.049;-0.016;-0.033;-0.019;-0.08;-0.0;0.051;0.036;-0.08;0.05;-0.069;-0.069;0.005;-0.014;-0.032;0.04;-0.046;-0.005;0.037;0.039;-0.07;0.038;-0.097;-0.107;-0.045;-0.015;-0.031;-0.096
index__timesincelast_2;-0.099;0.487;0.632;-0.068;0.037;0.016;-0.066;0.77;0.066;-0.063;0.055;-0.021;0.48;-0.067;0.037;0.016;-0.065;-0.022;-0.02;-0.353;0.066;-0.063;0.204;0.013;0.296;0.085;0.037;0.016;0.086;1.0;0.736;0.03;0.065;-0.064;0.032;-0.074;0.057;0.086;0.037;0.016;0.086;0.085;0.726;-0.104;0.065;-0.064;0.058;-0.119;0.06;0.086;0.037;0.016;0.087;-0.026;0.679;-0.02;0.065;-0.064;0.105;-0.056;-0.0;0.103;0.037;0.016;0.099;0.036;0.498;0.135;0.066;-0.064;0.041;-0.082;-0.007;0.061;0.038;0.016;0.058;-0.068;0.217;-0.019;0.065;-0.064;0.051;-0.083;-0.017;0.049;0.038;0.016;0.047;0.01;0.104;-0.056;0.065;-0.063;0.068;-0.048;-0.02;0.075;0.041;0.016;0.075;-0.014;0.04;0.049;0.066;-0.063;0.05;-0.102;-0.012;0.251;0.042;0.015;0.249;-0.078;-0.061;-0.098;0.064;-0.062;0.063;-0.042;-0.005;0.132;0.018;0.017;0.133;-0.061;-0.071;0.016;0.066;-0.061;-0.009
index__timesincestart_2;-0.13;0.438;0.721;-0.113;0.029;0.016;-0.112;0.554;0.059;-0.036;0.093;-0.015;0.508;-0.021;0.029;0.016;-0.017;0.656;0.656;-0.258;0.059;-0.036;0.195;0.011;0.301;0.091;0.029;0.016;0.095;0.736;1.0;0.019;0.059;-0.037;0.006;-0.069;0.047;0.089;0.029;0.016;0.093;0.049;0.974;-0.123;0.059;-0.037;0.07;-0.149;0.055;0.092;0.029;0.016;0.095;-0.03;0.914;-0.03;0.059;-0.037;0.127;-0.044;-0.003;0.104;0.029;0.016;0.099;0.032;0.66;0.163;0.059;-0.037;0.054;-0.074;-0.021;0.059;0.025;0.016;0.055;-0.066;0.276;0.03;0.059;-0.037;0.045;-0.105;-0.023;0.055;0.025;0.016;0.054;0.011;0.139;-0.112;0.058;-0.037;0.064;-0.06;-0.024;0.048;0.03;0.016;0.05;-0.015;0.056;0.024;0.059;-0.037;0.039;-0.094;-0.018;0.268;0.034;0.015;0.269;-0.066;-0.045;-0.101;0.056;-0.035;0.052;-0.049;-0.015;0.109;0.003;0.019;0.111;0.007;0.001;0.043;0.061;-0.036;-0.006
index__OrderOfEvent_2;0.056;-0.033;-0.038;0.009;0.019;-0.007;0.008;-0.034;0.037;-0.033;0.128;-0.171;0.021;0.013;0.019;-0.007;0.012;-0.024;-0.008;-0.021;0.037;-0.033;0.478;0.621;0.646;0.007;0.019;-0.007;0.005;0.03;0.019;1.0;0.037;-0.033;-0.141;0.166;0.036;-0.003;0.019;-0.007;-0.003;-0.066;-0.022;-0.334;0.037;-0.033;-0.041;-0.046;0.184;0.001;0.019;-0.007;0.001;0.043;-0.006;-0.333;0.037;-0.033;0.194;0.136;0.054;-0.002;0.02;-0.007;-0.005;0.07;0.046;0.101;0.036;-0.033;0.109;0.007;0.026;-0.053;0.023;-0.008;-0.054;-0.082;-0.038;0.072;0.036;-0.033;0.087;0.009;0.024;-0.039;0.022;-0.008;-0.042;-0.031;-0.028;0.068;0.036;-0.033;0.072;-0.027;0.023;-0.02;0.03;-0.008;-0.021;0.025;-0.013;-0.003;0.037;-0.033;0.077;-0.027;0.024;0.01;-0.037;-0.003;0.008;-0.008;-0.026;0.002;0.031;-0.032;0.055;-0.024;0.019;-0.058;-0.024;-0.003;-0.059;-0.051;-0.033;0.022;0.033;-0.032;-0.014
index__openCases_2;-0.062;-0.011;0.034;-0.049;-0.009;0.219;-0.049;0.024;1.0;-0.112;0.028;0.053;0.083;-0.043;-0.01;0.219;-0.042;0.019;0.022;0.039;1.0;-0.112;-0.039;0.028;0.106;-0.02;-0.01;0.219;-0.019;0.065;0.059;0.037;1.0;-0.113;-0.018;-0.015;-0.072;-0.019;-0.01;0.219;-0.02;-0.005;0.055;-0.006;1.0;-0.113;-0.006;0.012;0.064;-0.008;-0.01;0.219;-0.009;-0.013;0.049;0.036;1.0;-0.113;-0.05;-0.012;-0.074;-0.029;-0.01;0.219;-0.029;-0.011;0.028;-0.053;1.0;-0.112;0.004;-0.011;-0.044;-0.019;-0.013;0.22;-0.017;-0.019;-0.031;-0.026;1.0;-0.112;0.023;-0.018;-0.045;0.017;-0.014;0.22;0.018;-0.004;-0.024;0.035;0.999;-0.112;0.019;-0.028;-0.04;0.011;-0.029;0.221;0.013;-0.127;-0.092;-0.088;0.999;-0.112;0.056;-0.028;-0.054;-0.066;-0.07;0.224;-0.064;0.053;0.011;0.049;0.996;-0.113;0.06;-0.037;-0.052;-0.066;-0.066;0.226;-0.066;-0.034;-0.041;0.011;0.993;-0.111;0.049
index__remainingtime_2;0.067;-0.051;-0.037;-0.008;0.008;-0.002;-0.008;-0.054;-0.112;1.0;-0.05;0.039;-0.029;-0.019;0.008;-0.002;-0.023;0.015;0.011;0.044;-0.113;1.0;-0.087;-0.041;-0.062;-0.029;0.008;-0.002;-0.033;-0.064;-0.037;-0.033;-0.113;1.0;-0.035;-0.026;0.01;-0.034;0.008;-0.002;-0.036;-0.07;-0.05;0.025;-0.112;1.0;-0.065;0.043;0.049;-0.034;0.008;-0.002;-0.034;-0.005;-0.054;0.025;-0.112;1.0;-0.095;-0.047;0.015;-0.031;0.008;-0.002;-0.03;-0.053;-0.068;-0.041;-0.113;1.0;-0.055;0.007;0.022;-0.012;0.01;-0.003;-0.009;-0.021;-0.046;0.037;-0.113;1.0;-0.079;0.009;0.038;-0.005;0.008;-0.003;-0.002;-0.054;-0.075;0.022;-0.111;1.0;-0.086;0.027;0.041;0.016;0.015;-0.003;0.018;0.007;-0.033;-0.047;-0.111;1.0;-0.092;-0.013;0.043;0.055;0.055;-0.006;0.056;0.046;-0.005;-0.001;-0.117;1.0;-0.071;-0.006;0.023;0.077;0.068;-0.008;0.078;-0.021;-0.007;-0.023;-0.119;1.0;-0.023
index__CRP_3;-0.122;0.184;0.051;-0.005;0.02;0.044;-0.002;0.096;-0.017;-0.035;0.06;-0.073;-0.047;0.006;0.019;0.044;0.005;-0.034;-0.037;-0.145;-0.018;-0.035;0.2;-0.159;-0.068;0.022;0.019;0.044;0.021;0.032;0.006;-0.141;-0.018;-0.035;1.0;0.13;0.152;0.028;0.019;0.044;0.027;0.004;0.035;0.307;-0.017;-0.035;0.527;0.182;0.126;0.023;0.019;0.044;0.023;-0.023;-0.006;-0.044;-0.017;-0.035;0.285;-0.107;0.133;0.031;0.019;0.044;0.03;-0.017;-0.024;-0.315;-0.018;-0.035;0.798;0.114;0.051;0.07;0.021;0.044;0.066;0.156;0.099;0.158;-0.018;-0.035;0.735;0.12;0.023;0.051;0.022;0.044;0.049;0.017;0.067;0.173;-0.02;-0.035;0.668;0.051;0.018;0.061;0.028;0.044;0.06;0.015;0.049;0.026;-0.018;-0.035;0.558;0.025;0.015;0.009;0.032;0.043;0.012;-0.022;-0.037;-0.011;-0.016;-0.034;0.541;0.054;-0.002;0.086;0.035;0.041;0.092;-0.046;-0.053;0.009;-0.018;-0.033;0.01
index__LacticAcid_3;0.016;-0.063;-0.083;0.001;-0.01;0.032;0.002;-0.074;-0.015;-0.026;-0.054;0.04;-0.083;-0.004;-0.01;0.032;-0.003;-0.048;-0.052;0.022;-0.015;-0.026;0.2;0.224;0.069;-0.002;-0.011;0.032;-0.002;-0.074;-0.069;0.166;-0.015;-0.026;0.13;1.0;0.15;-0.004;-0.011;0.032;-0.003;0.169;-0.071;0.444;-0.015;-0.026;-0.229;0.376;-0.002;-0.007;-0.011;0.032;-0.006;-0.132;-0.098;-0.493;-0.015;-0.026;-0.042;0.408;0.091;-0.008;-0.011;0.032;-0.009;-0.049;-0.103;-0.177;-0.016;-0.026;0.102;0.385;0.034;0.003;-0.011;0.032;0.001;0.008;-0.056;0.103;-0.017;-0.026;0.06;0.362;0.01;-0.011;-0.011;0.032;-0.013;-0.042;-0.051;0.191;-0.017;-0.026;0.014;0.317;0.01;0.008;-0.004;0.031;0.009;-0.045;-0.067;-0.02;-0.017;-0.025;0.049;0.312;0.005;-0.013;-0.016;0.031;-0.012;-0.09;-0.1;-0.009;-0.022;-0.024;0.057;0.292;0.004;0.032;-0.009;0.021;0.033;0.048;-0.051;0.047;-0.018;-0.025;-0.015
index__Leucocytes_3;-0.012;0.04;0.079;-0.08;-0.055;0.044;-0.08;0.062;-0.072;0.011;0.073;0.057;0.127;-0.068;-0.055;0.044;-0.069;0.008;0.014;0.036;-0.072;0.01;0.08;0.027;0.138;-0.06;-0.056;0.044;-0.058;0.057;0.047;0.036;-0.072;0.01;0.152;0.15;1.0;-0.06;-0.056;0.044;-0.057;0.107;0.052;0.299;-0.072;0.01;0.0;0.078;0.265;-0.059;-0.056;0.044;-0.056;-0.009;0.039;-0.128;-0.072;0.01;-0.138;-0.095;0.747;-0.046;-0.056;0.044;-0.045;0.026;0.054;-0.286;-0.072;0.01;0.112;0.054;0.639;-0.019;-0.057;0.044;-0.023;0.051;0.056;0.098;-0.073;0.01;0.08;0.066;0.627;-0.026;-0.057;0.044;-0.029;0.001;0.034;0.118;-0.073;0.01;0.053;0.019;0.628;-0.018;-0.048;0.043;-0.02;-0.005;0.004;0.012;-0.073;0.01;0.039;-0.007;0.623;-0.004;-0.036;0.042;-0.004;-0.016;-0.01;-0.037;-0.077;0.011;0.023;0.009;0.655;0.001;-0.009;0.043;0.003;0.103;0.057;0.004;-0.075;0.009;0.0
index__hour_3;-0.069;0.024;0.061;0.909;0.011;-0.083;0.91;0.059;-0.019;-0.034;-0.02;-0.06;-0.014;0.958;0.01;-0.083;0.959;0.043;0.041;-0.069;-0.019;-0.034;-0.033;-0.02;0.009;0.997;0.009;-0.083;0.997;0.086;0.089;-0.003;-0.019;-0.034;0.028;-0.004;-0.06;1.0;0.009;-0.083;0.999;0.006;0.104;0.023;-0.019;-0.034;-0.015;-0.042;-0.06;0.985;0.009;-0.083;0.984;-0.007;0.089;-0.026;-0.019;-0.034;0.004;-0.064;-0.025;0.933;0.011;-0.083;0.931;0.02;0.071;-0.008;-0.018;-0.034;0.026;-0.036;-0.029;0.678;0.003;-0.082;0.675;0.09;0.084;0.041;-0.018;-0.035;0.018;-0.04;-0.017;0.567;0.005;-0.082;0.564;-0.034;0.03;-0.021;-0.017;-0.035;0.033;-0.046;-0.018;0.338;0.008;-0.082;0.337;0.041;0.043;0.053;-0.016;-0.035;-0.025;-0.085;-0.003;0.048;0.033;-0.084;0.046;-0.068;-0.063;0.002;-0.014;-0.033;0.037;-0.048;-0.007;0.039;0.037;-0.074;0.04;-0.096;-0.103;-0.05;-0.015;-0.032;-0.096
index__day_3;0.015;0.052;0.061;-0.006;1.0;0.01;-0.004;0.054;-0.01;0.008;0.03;0.036;0.026;-0.008;1.0;0.01;-0.008;0.004;0.001;-0.037;-0.01;0.008;0.096;0.03;0.058;0.007;1.0;0.01;0.009;0.037;0.029;0.019;-0.01;0.008;0.019;-0.011;-0.056;0.009;1.0;0.01;0.01;-0.006;0.036;-0.039;-0.01;0.008;0.083;-0.051;0.005;0.008;1.0;0.01;0.007;0.04;0.043;0.0;-0.01;0.008;0.072;-0.009;-0.018;-0.0;1.0;0.01;-0.003;-0.019;0.018;0.011;-0.011;0.008;0.062;-0.05;-0.008;0.011;0.984;0.011;0.01;0.024;0.024;0.016;-0.012;0.008;0.062;-0.026;-0.012;0.048;0.983;0.011;0.048;0.018;0.031;-0.006;-0.014;0.008;0.072;-0.028;-0.014;0.012;0.934;0.015;0.013;-0.005;-0.013;0.036;-0.016;0.008;0.027;0.011;-0.009;0.006;0.715;0.033;0.007;-0.078;-0.078;0.033;-0.02;0.009;0.059;-0.004;-0.014;-0.001;0.632;0.031;0.003;-0.057;-0.094;0.049;-0.018;0.01;0.049
index__month_3;0.05;-0.01;0.021;-0.114;0.01;1.0;-0.112;0.033;0.219;-0.002;-0.047;-0.0;0.022;-0.1;0.01;1.0;-0.1;0.003;0.002;-0.016;0.219;-0.002;0.064;-0.041;0.024;-0.078;0.01;1.0;-0.079;0.016;0.016;-0.007;0.219;-0.002;0.044;0.032;0.044;-0.083;0.01;1.0;-0.081;-0.029;0.004;0.049;0.219;-0.002;0.03;0.08;0.009;-0.098;0.01;1.0;-0.096;-0.072;-0.017;0.026;0.219;-0.002;-0.03;0.061;0.048;-0.122;0.01;1.0;-0.12;-0.074;-0.06;-0.076;0.219;-0.002;0.014;0.054;0.062;-0.074;0.016;1.0;-0.073;-0.036;-0.094;-0.017;0.218;-0.002;0.044;0.079;0.061;-0.059;0.015;1.0;-0.056;-0.048;-0.057;0.055;0.217;-0.002;0.029;0.081;0.063;-0.035;0.017;1.0;-0.034;-0.057;-0.086;0.005;0.217;-0.002;0.053;0.052;0.067;0.023;0.024;0.998;0.022;-0.092;-0.112;-0.05;0.217;-0.001;0.044;0.071;0.074;0.01;0.045;0.991;0.008;-0.007;-0.056;0.052;0.213;-0.001;-0.014
index__timesincemidnight_3;-0.072;0.027;0.063;0.908;0.012;-0.081;0.908;0.059;-0.019;-0.036;-0.022;-0.06;-0.014;0.958;0.011;-0.081;0.959;0.049;0.046;-0.07;-0.02;-0.036;-0.034;-0.021;0.008;0.997;0.01;-0.081;0.999;0.086;0.093;-0.003;-0.02;-0.036;0.027;-0.003;-0.057;0.999;0.01;-0.081;1.0;0.005;0.108;0.026;-0.02;-0.036;-0.014;-0.042;-0.06;0.984;0.01;-0.081;0.985;-0.009;0.092;-0.026;-0.02;-0.036;0.002;-0.063;-0.024;0.932;0.012;-0.081;0.932;0.018;0.071;-0.009;-0.019;-0.036;0.025;-0.033;-0.029;0.68;0.004;-0.08;0.676;0.089;0.085;0.038;-0.019;-0.036;0.017;-0.036;-0.016;0.566;0.006;-0.08;0.563;-0.032;0.031;-0.02;-0.018;-0.036;0.032;-0.042;-0.017;0.339;0.009;-0.08;0.339;0.04;0.041;0.054;-0.016;-0.036;-0.023;-0.081;-0.002;0.05;0.034;-0.082;0.048;-0.069;-0.066;0.003;-0.014;-0.035;0.037;-0.046;-0.006;0.038;0.038;-0.072;0.038;-0.095;-0.104;-0.048;-0.016;-0.033;-0.098
index__timesincelast_3;-0.014;0.098;0.095;-0.05;-0.005;-0.029;-0.048;0.113;-0.005;-0.07;-0.037;-0.024;0.031;-0.048;-0.006;-0.029;-0.045;-0.024;-0.026;-0.099;-0.005;-0.07;0.001;-0.085;0.001;-0.029;-0.006;-0.029;-0.026;0.085;0.049;-0.066;-0.005;-0.07;0.004;0.169;0.107;0.006;-0.006;-0.029;0.005;1.0;0.196;0.255;-0.005;-0.071;-0.152;-0.074;-0.033;0.044;-0.006;-0.029;0.042;0.461;0.339;-0.195;-0.007;-0.071;-0.089;-0.049;-0.004;0.059;-0.006;-0.029;0.06;0.045;0.28;-0.016;-0.007;-0.071;-0.034;-0.038;-0.02;0.027;-0.006;-0.029;0.026;-0.001;0.138;0.088;-0.007;-0.071;-0.041;-0.063;-0.021;0.019;-0.005;-0.029;0.017;0.025;0.092;-0.074;-0.008;-0.071;-0.051;-0.051;-0.016;-0.008;-0.101;-0.021;-0.012;0.084;0.093;0.158;-0.01;-0.071;-0.039;-0.036;-0.021;-0.015;-0.091;-0.022;-0.015;-0.025;0.049;-0.054;-0.009;-0.071;-0.022;-0.033;-0.005;0.029;-0.08;-0.021;0.028;0.035;0.039;-0.074;-0.008;-0.071;-0.016
index__timesincestart_3;-0.134;0.437;0.713;-0.108;0.036;0.004;-0.107;0.554;0.055;-0.049;0.07;-0.031;0.486;-0.017;0.036;0.004;-0.013;0.632;0.631;-0.279;0.055;-0.049;0.152;-0.03;0.264;0.094;0.036;0.004;0.099;0.726;0.974;-0.022;0.055;-0.05;0.035;-0.071;0.052;0.104;0.036;0.004;0.108;0.196;1.0;-0.07;0.055;-0.05;0.061;-0.12;0.04;0.114;0.036;0.004;0.117;0.099;0.963;-0.027;0.055;-0.05;0.099;-0.083;0.006;0.126;0.036;0.004;0.121;0.037;0.693;0.113;0.055;-0.05;0.054;-0.066;-0.022;0.085;0.033;0.005;0.081;-0.029;0.318;0.069;0.055;-0.05;0.037;-0.102;-0.027;0.067;0.034;0.005;0.065;0.019;0.165;-0.101;0.054;-0.05;0.051;-0.063;-0.03;0.052;0.019;0.006;0.053;-0.002;0.086;0.05;0.055;-0.05;0.017;-0.097;-0.024;0.257;0.022;0.004;0.257;-0.064;-0.034;-0.108;0.052;-0.048;0.035;-0.052;-0.019;0.11;-0.004;0.009;0.113;0.014;0.012;0.027;0.057;-0.049;-0.014
index__OrderOfEvent_3;-0.042;-0.069;-0.079;0.019;-0.039;0.049;0.023;-0.071;-0.006;0.025;-0.273;-0.23;-0.336;0.013;-0.039;0.049;0.016;-0.053;-0.075;-0.297;-0.006;0.025;-0.284;-0.46;-0.316;0.011;-0.039;0.049;0.015;-0.104;-0.123;-0.334;-0.006;0.025;0.307;0.444;0.299;0.023;-0.039;0.049;0.026;0.255;-0.07;1.0;-0.006;0.025;-0.248;0.215;-0.066;0.016;-0.039;0.049;0.019;-0.148;-0.114;-0.251;-0.006;0.025;-0.373;-0.131;0.087;0.024;-0.04;0.049;0.028;-0.073;-0.126;-0.54;-0.006;0.025;0.068;0.16;0.032;0.084;-0.034;0.048;0.081;0.152;0.032;0.102;-0.007;0.025;0.026;0.156;0.017;0.053;-0.034;0.048;0.051;-0.029;0.007;0.154;-0.007;0.025;-0.008;0.11;0.016;0.068;-0.033;0.048;0.067;0.002;0.022;-0.015;-0.009;0.025;-0.006;0.102;0.01;-0.051;-0.011;0.046;-0.049;-0.029;-0.045;-0.003;-0.011;0.026;0.016;0.108;0.015;0.034;0.012;0.047;0.036;0.056;-0.003;0.019;-0.01;0.025;0.032
