;static__case:RequestedAmount;agg__mean_FirstWithdrawalAmount;agg__mean_MonthlyCost;agg__mean_NumberOfTerms;agg__mean_OfferedAmount;agg__mean_timesincelastevent;agg__mean_timesincecasestart;agg__mean_timesincemidnight;agg__mean_event_nr;agg__mean_month;agg__mean_weekday;agg__mean_hour;agg__mean_open_cases;agg__max_FirstWithdrawalAmount;agg__max_MonthlyCost;agg__max_NumberOfTerms;agg__max_OfferedAmount;agg__max_timesincelastevent;agg__max_timesincecasestart;agg__max_timesincemidnight;agg__max_event_nr;agg__max_month;agg__max_weekday;agg__max_hour;agg__max_open_cases;agg__min_timesincemidnight;agg__min_month;agg__min_weekday;agg__min_hour;agg__min_open_cases;agg__sum_FirstWithdrawalAmount;agg__sum_MonthlyCost;agg__sum_NumberOfTerms;agg__sum_OfferedAmount;agg__sum_timesincelastevent;agg__sum_timesincecasestart;agg__sum_timesincemidnight;agg__sum_event_nr;agg__sum_month;agg__sum_weekday;agg__sum_hour;agg__sum_open_cases;agg__std_FirstWithdrawalAmount;agg__std_MonthlyCost;agg__std_NumberOfTerms;agg__std_OfferedAmount;agg__std_timesincelastevent;agg__std_timesincecasestart;agg__std_timesincemidnight;agg__std_event_nr;agg__std_month;agg__std_weekday;agg__std_hour;agg__std_open_cases;encoded_label
static__case:RequestedAmount;1.0;0.208;0.229;0.076;0.321;0.007;0.016;0.004;0.0;0.079;0.014;0.004;0.041;0.244;0.273;0.106;0.392;0.003;0.004;0.01;0.0;0.079;0.017;0.01;0.042;-0.004;0.077;0.002;-0.003;0.039;0.196;0.215;0.074;0.302;0.004;0.012;0.003;0.001;0.05;0.012;0.003;0.016;0.24;0.27;0.103;0.385;0.005;0.006;0.015;0.0;0.008;0.016;0.015;0.013;-0.012
agg__mean_FirstWithdrawalAmount;0.208;1.0;0.565;0.436;0.581;0.18;0.196;-0.038;0.385;0.074;-0.017;-0.038;0.06;0.889;0.5;0.381;0.529;0.201;0.207;0.028;0.385;0.083;0.089;0.028;0.079;-0.122;0.064;-0.119;-0.122;0.04;0.975;0.555;0.43;0.571;0.207;0.21;0.348;0.383;0.337;0.251;0.345;0.381;0.927;0.522;0.4;0.549;0.195;0.201;0.114;0.382;0.075;0.162;0.115;0.157;-0.003
agg__mean_MonthlyCost;0.229;0.565;1.0;0.574;0.867;0.282;0.285;-0.087;0.56;0.044;-0.046;-0.087;0.037;0.48;0.876;0.466;0.761;0.312;0.321;-0.009;0.56;0.057;0.098;-0.009;0.067;-0.189;0.03;-0.176;-0.188;0.009;0.556;0.969;0.561;0.844;0.321;0.309;0.486;0.553;0.432;0.342;0.481;0.526;0.502;0.913;0.492;0.79;0.303;0.315;0.123;0.556;0.105;0.193;0.124;0.23;0.041
agg__mean_NumberOfTerms;0.076;0.436;0.574;1.0;0.759;0.329;0.336;-0.101;0.65;0.023;-0.061;-0.1;0.023;0.352;0.444;0.866;0.642;0.361;0.373;-0.014;0.65;0.038;0.102;-0.014;0.06;-0.218;0.009;-0.208;-0.217;-0.009;0.434;0.566;0.966;0.744;0.373;0.364;0.564;0.643;0.477;0.388;0.559;0.601;0.371;0.474;0.904;0.67;0.352;0.37;0.137;0.646;0.113;0.215;0.138;0.271;0.078
agg__mean_OfferedAmount;0.321;0.581;0.867;0.759;1.0;0.271;0.272;-0.091;0.528;0.053;-0.048;-0.091;0.042;0.495;0.734;0.643;0.886;0.297;0.307;-0.025;0.528;0.065;0.083;-0.025;0.072;-0.179;0.04;-0.167;-0.178;0.015;0.57;0.839;0.732;0.969;0.307;0.295;0.452;0.521;0.418;0.317;0.448;0.501;0.516;0.768;0.673;0.917;0.29;0.304;0.099;0.525;0.1;0.171;0.1;0.222;0.054
agg__mean_timesincelastevent;0.007;0.18;0.282;0.329;0.271;1.0;0.803;-0.063;0.468;-0.002;0.002;-0.062;0.024;0.118;0.19;0.234;0.189;0.967;0.978;0.107;0.468;0.037;0.296;0.106;0.099;-0.331;-0.037;-0.306;-0.323;-0.046;0.227;0.352;0.406;0.34;0.978;0.783;0.402;0.489;0.327;0.316;0.4;0.435;0.116;0.185;0.225;0.181;0.987;0.957;0.325;0.464;0.285;0.454;0.322;0.57;-0.03
agg__mean_timesincecasestart;0.016;0.196;0.285;0.336;0.272;0.803;1.0;-0.068;0.579;-0.002;-0.009;-0.067;0.038;0.176;0.252;0.313;0.246;0.755;0.81;0.159;0.579;0.028;0.319;0.158;0.108;-0.333;-0.027;-0.326;-0.328;-0.026;0.247;0.363;0.424;0.349;0.81;0.985;0.506;0.612;0.405;0.383;0.503;0.545;0.172;0.246;0.302;0.237;0.773;0.9;0.397;0.573;0.244;0.539;0.394;0.597;-0.013
agg__mean_timesincemidnight;0.004;-0.038;-0.087;-0.101;-0.091;-0.063;-0.068;1.0;-0.081;-0.028;-0.002;0.998;-0.048;-0.021;-0.068;-0.083;-0.077;-0.065;-0.067;0.833;-0.081;-0.031;-0.026;0.831;-0.055;0.787;-0.026;0.019;0.786;-0.042;-0.036;-0.082;-0.095;-0.086;-0.067;-0.069;0.268;-0.078;-0.073;-0.061;0.279;-0.092;-0.023;-0.071;-0.085;-0.079;-0.065;-0.071;0.064;-0.081;-0.019;-0.031;0.064;-0.051;-0.018
agg__mean_event_nr;0.0;0.385;0.56;0.65;0.528;0.468;0.579;-0.081;1.0;-0.006;-0.047;-0.081;-0.004;0.363;0.521;0.628;0.497;0.468;0.496;0.214;1.0;0.013;0.283;0.212;0.049;-0.411;-0.023;-0.359;-0.409;-0.052;0.422;0.611;0.703;0.579;0.496;0.587;0.91;0.974;0.697;0.641;0.904;0.903;0.366;0.528;0.63;0.5;0.47;0.519;0.519;0.999;0.154;0.529;0.519;0.436;0.008
agg__mean_month;0.079;0.074;0.044;0.023;0.053;-0.002;-0.002;-0.028;-0.006;1.0;0.002;-0.029;0.624;0.078;0.044;0.023;0.057;-0.0;-0.002;-0.033;-0.006;0.996;-0.006;-0.033;0.616;-0.019;0.986;0.015;-0.02;0.614;0.067;0.038;0.019;0.046;-0.002;-0.002;-0.017;-0.006;0.623;-0.0;-0.017;0.23;0.079;0.045;0.024;0.057;-0.0;-0.001;-0.017;-0.006;0.033;-0.021;-0.017;-0.02;-0.002
agg__mean_weekday;0.014;-0.017;-0.046;-0.061;-0.048;0.002;-0.009;-0.002;-0.047;0.002;1.0;-0.002;-0.006;-0.011;-0.039;-0.058;-0.044;-0.007;-0.009;-0.004;-0.047;0.001;0.793;-0.004;-0.007;-0.003;0.0;0.79;-0.003;-0.005;-0.015;-0.04;-0.054;-0.042;-0.009;-0.015;-0.048;-0.044;-0.03;0.611;-0.048;-0.044;-0.012;-0.041;-0.059;-0.045;-0.003;-0.008;0.001;-0.047;0.001;0.078;0.001;-0.01;-0.014
agg__mean_hour;0.004;-0.038;-0.087;-0.1;-0.091;-0.062;-0.067;0.998;-0.081;-0.029;-0.002;1.0;-0.048;-0.022;-0.068;-0.083;-0.078;-0.064;-0.066;0.831;-0.081;-0.031;-0.026;0.832;-0.055;0.785;-0.026;0.019;0.787;-0.043;-0.037;-0.082;-0.094;-0.086;-0.066;-0.068;0.267;-0.078;-0.073;-0.061;0.279;-0.092;-0.023;-0.071;-0.085;-0.079;-0.064;-0.07;0.064;-0.081;-0.018;-0.031;0.065;-0.05;-0.018
agg__mean_open_cases;0.041;0.06;0.037;0.023;0.042;0.024;0.038;-0.048;-0.004;0.624;-0.006;-0.048;1.0;0.062;0.037;0.021;0.044;0.019;0.017;-0.045;-0.004;0.619;-0.007;-0.045;0.991;-0.027;0.629;-0.007;-0.028;0.991;0.054;0.032;0.019;0.037;0.017;0.032;-0.026;-0.005;0.387;-0.007;-0.027;0.371;0.063;0.038;0.023;0.045;0.022;0.024;-0.015;-0.004;-0.046;0.001;-0.014;-0.029;0.012
agg__max_FirstWithdrawalAmount;0.244;0.889;0.48;0.352;0.495;0.118;0.176;-0.021;0.363;0.078;-0.011;-0.022;0.062;1.0;0.554;0.423;0.582;0.13;0.133;0.064;0.363;0.083;0.094;0.064;0.077;-0.117;0.071;-0.112;-0.117;0.047;0.83;0.448;0.327;0.463;0.133;0.175;0.339;0.341;0.321;0.244;0.337;0.36;0.988;0.549;0.416;0.574;0.127;0.142;0.16;0.361;0.052;0.188;0.161;0.132;-0.03
agg__max_MonthlyCost;0.273;0.5;0.876;0.444;0.734;0.19;0.252;-0.068;0.521;0.044;-0.039;-0.068;0.037;0.554;1.0;0.511;0.835;0.206;0.212;0.04;0.521;0.053;0.098;0.04;0.059;-0.183;0.035;-0.163;-0.182;0.015;0.465;0.804;0.404;0.675;0.212;0.253;0.466;0.485;0.402;0.328;0.462;0.49;0.549;0.987;0.503;0.825;0.202;0.224;0.186;0.52;0.073;0.218;0.187;0.191;0.019
agg__max_NumberOfTerms;0.106;0.381;0.466;0.866;0.643;0.234;0.313;-0.083;0.628;0.023;-0.058;-0.083;0.021;0.423;0.511;1.0;0.727;0.251;0.261;0.043;0.628;0.032;0.104;0.043;0.049;-0.22;0.014;-0.202;-0.219;-0.004;0.354;0.427;0.787;0.591;0.261;0.315;0.561;0.585;0.459;0.383;0.556;0.578;0.417;0.508;0.986;0.719;0.247;0.279;0.218;0.626;0.079;0.251;0.219;0.235;0.057
agg__max_OfferedAmount;0.392;0.529;0.761;0.642;0.886;0.189;0.246;-0.077;0.497;0.057;-0.044;-0.078;0.044;0.582;0.835;0.727;1.0;0.202;0.21;0.018;0.497;0.065;0.083;0.018;0.066;-0.176;0.048;-0.157;-0.176;0.023;0.49;0.696;0.581;0.813;0.21;0.248;0.438;0.462;0.396;0.306;0.434;0.472;0.576;0.832;0.719;0.989;0.199;0.224;0.158;0.496;0.07;0.195;0.159;0.188;0.037
agg__max_timesincelastevent;0.003;0.201;0.312;0.361;0.297;0.967;0.755;-0.065;0.468;-0.0;-0.007;-0.064;0.019;0.13;0.206;0.251;0.202;1.0;0.981;0.081;0.468;0.039;0.258;0.08;0.089;-0.305;-0.038;-0.274;-0.297;-0.05;0.249;0.383;0.439;0.366;0.981;0.758;0.401;0.502;0.328;0.309;0.398;0.433;0.132;0.206;0.248;0.199;0.994;0.944;0.276;0.463;0.292;0.39;0.272;0.532;-0.039
agg__max_timesincecasestart;0.004;0.207;0.321;0.373;0.307;0.978;0.81;-0.067;0.496;-0.002;-0.009;-0.066;0.017;0.133;0.212;0.261;0.21;0.981;1.0;0.092;0.496;0.038;0.271;0.091;0.092;-0.316;-0.038;-0.285;-0.308;-0.053;0.26;0.4;0.46;0.384;1.0;0.82;0.425;0.539;0.347;0.327;0.422;0.458;0.134;0.212;0.256;0.206;0.981;0.966;0.289;0.491;0.291;0.405;0.286;0.559;-0.028
agg__max_timesincemidnight;0.01;0.028;-0.009;-0.014;-0.025;0.107;0.159;0.833;0.214;-0.033;-0.004;0.831;-0.045;0.064;0.04;0.043;0.018;0.081;0.092;1.0;0.214;-0.029;0.115;0.997;-0.031;0.436;-0.036;-0.129;0.436;-0.056;0.047;0.023;0.022;0.007;0.092;0.141;0.487;0.202;0.13;0.14;0.494;0.177;0.057;0.029;0.03;0.008;0.09;0.105;0.545;0.213;0.032;0.23;0.543;0.122;-0.034
agg__max_event_nr;0.0;0.385;0.56;0.65;0.528;0.468;0.579;-0.081;1.0;-0.006;-0.047;-0.081;-0.004;0.363;0.521;0.628;0.497;0.468;0.496;0.214;1.0;0.013;0.283;0.212;0.049;-0.411;-0.023;-0.359;-0.409;-0.052;0.422;0.611;0.703;0.579;0.496;0.587;0.91;0.974;0.697;0.641;0.904;0.903;0.366;0.528;0.63;0.5;0.47;0.519;0.519;0.999;0.154;0.529;0.519;0.436;0.008
agg__max_month;0.079;0.083;0.057;0.038;0.065;0.037;0.028;-0.031;0.013;0.996;0.001;-0.031;0.619;0.083;0.053;0.032;0.065;0.039;0.038;-0.029;0.013;1.0;0.005;-0.03;0.614;-0.031;0.975;0.003;-0.032;0.606;0.078;0.054;0.037;0.062;0.038;0.029;-0.0;0.015;0.635;0.012;-0.001;0.245;0.084;0.054;0.033;0.065;0.039;0.036;-0.006;0.013;0.102;-0.005;-0.006;0.004;-0.002
agg__max_weekday;0.017;0.089;0.098;0.102;0.083;0.296;0.319;-0.026;0.283;-0.006;0.793;-0.026;-0.007;0.094;0.098;0.104;0.083;0.258;0.271;0.115;0.283;0.005;1.0;0.115;0.02;-0.209;-0.018;0.41;-0.208;-0.034;0.113;0.139;0.149;0.124;0.271;0.293;0.251;0.283;0.197;0.664;0.249;0.253;0.089;0.091;0.094;0.075;0.277;0.288;0.28;0.281;0.098;0.586;0.28;0.244;-0.018
agg__max_hour;0.01;0.028;-0.009;-0.014;-0.025;0.106;0.158;0.831;0.212;-0.033;-0.004;0.832;-0.045;0.064;0.04;0.043;0.018;0.08;0.091;0.997;0.212;-0.03;0.115;1.0;-0.032;0.435;-0.036;-0.128;0.437;-0.057;0.047;0.023;0.022;0.007;0.091;0.141;0.485;0.201;0.13;0.14;0.494;0.176;0.057;0.029;0.03;0.008;0.089;0.104;0.543;0.212;0.032;0.229;0.545;0.121;-0.033
agg__max_open_cases;0.042;0.079;0.067;0.06;0.072;0.099;0.108;-0.055;0.049;0.616;-0.007;-0.055;0.991;0.077;0.059;0.049;0.066;0.089;0.092;-0.031;0.049;0.614;0.02;-0.032;1.0;-0.06;0.618;-0.04;-0.06;0.974;0.078;0.07;0.064;0.074;0.092;0.102;0.021;0.052;0.415;0.029;0.02;0.413;0.077;0.06;0.05;0.067;0.095;0.099;0.021;0.049;-0.026;0.049;0.021;0.078;0.013
agg__min_timesincemidnight;-0.004;-0.122;-0.189;-0.218;-0.179;-0.331;-0.333;0.787;-0.411;-0.019;-0.003;0.785;-0.027;-0.117;-0.183;-0.22;-0.176;-0.305;-0.316;0.436;-0.411;-0.031;-0.209;0.435;-0.06;1.0;-0.004;0.208;0.997;0.003;-0.145;-0.222;-0.255;-0.211;-0.316;-0.315;-0.143;-0.396;-0.301;-0.286;-0.133;-0.38;-0.113;-0.177;-0.21;-0.169;-0.319;-0.326;-0.485;-0.41;-0.111;-0.35;-0.483;-0.271;-0.004
agg__min_month;0.077;0.064;0.03;0.009;0.04;-0.037;-0.027;-0.026;-0.023;0.986;0.0;-0.026;0.629;0.071;0.035;0.014;0.048;-0.038;-0.038;-0.036;-0.023;0.975;-0.018;-0.036;0.618;-0.004;1.0;0.024;-0.005;0.629;0.055;0.021;0.002;0.031;-0.038;-0.028;-0.032;-0.025;0.598;-0.014;-0.032;0.218;0.072;0.036;0.015;0.049;-0.038;-0.036;-0.03;-0.023;-0.114;-0.037;-0.03;-0.065;-0.001
agg__min_weekday;0.002;-0.119;-0.176;-0.208;-0.167;-0.306;-0.326;0.019;-0.359;0.015;0.79;0.019;-0.007;-0.112;-0.163;-0.202;-0.157;-0.274;-0.285;-0.129;-0.359;0.003;0.41;-0.128;-0.04;0.208;0.024;1.0;0.207;0.021;-0.14;-0.206;-0.241;-0.197;-0.285;-0.305;-0.331;-0.349;-0.239;0.224;-0.329;-0.327;-0.109;-0.159;-0.194;-0.151;-0.291;-0.304;-0.286;-0.357;-0.095;-0.461;-0.286;-0.274;-0.014
agg__min_hour;-0.003;-0.122;-0.188;-0.217;-0.178;-0.323;-0.328;0.786;-0.409;-0.02;-0.003;0.787;-0.028;-0.117;-0.182;-0.219;-0.176;-0.297;-0.308;0.436;-0.409;-0.032;-0.208;0.437;-0.06;0.997;-0.005;0.207;1.0;0.002;-0.145;-0.221;-0.253;-0.21;-0.308;-0.311;-0.142;-0.393;-0.3;-0.285;-0.131;-0.378;-0.113;-0.176;-0.209;-0.168;-0.311;-0.319;-0.483;-0.408;-0.11;-0.348;-0.484;-0.269;-0.004
agg__min_open_cases;0.039;0.04;0.009;-0.009;0.015;-0.046;-0.026;-0.042;-0.052;0.614;-0.005;-0.043;0.991;0.047;0.015;-0.004;0.023;-0.05;-0.053;-0.056;-0.052;0.606;-0.034;-0.057;0.974;0.003;0.629;0.021;0.002;1.0;0.029;-0.003;-0.02;0.004;-0.053;-0.031;-0.067;-0.054;0.345;-0.037;-0.068;0.325;0.048;0.017;-0.002;0.024;-0.047;-0.045;-0.047;-0.051;-0.099;-0.042;-0.047;-0.14;0.013
agg__sum_FirstWithdrawalAmount;0.196;0.975;0.556;0.434;0.57;0.227;0.247;-0.036;0.422;0.067;-0.015;-0.037;0.054;0.83;0.465;0.354;0.49;0.249;0.26;0.047;0.422;0.078;0.113;0.047;0.078;-0.145;0.055;-0.14;-0.145;0.029;1.0;0.582;0.46;0.596;0.26;0.268;0.382;0.44;0.361;0.276;0.379;0.413;0.865;0.486;0.372;0.508;0.241;0.253;0.144;0.418;0.093;0.195;0.145;0.193;-0.002
agg__sum_MonthlyCost;0.215;0.555;0.969;0.566;0.839;0.352;0.363;-0.082;0.611;0.038;-0.04;-0.082;0.032;0.448;0.804;0.427;0.696;0.383;0.4;0.023;0.611;0.054;0.139;0.023;0.07;-0.222;0.021;-0.206;-0.221;-0.003;0.582;1.0;0.598;0.873;0.4;0.396;0.532;0.634;0.464;0.378;0.528;0.571;0.468;0.836;0.449;0.72;0.373;0.393;0.172;0.605;0.13;0.247;0.172;0.286;0.037
agg__sum_NumberOfTerms;0.074;0.43;0.561;0.966;0.732;0.406;0.424;-0.095;0.703;0.019;-0.054;-0.094;0.019;0.327;0.404;0.787;0.581;0.439;0.46;0.022;0.703;0.037;0.149;0.022;0.064;-0.255;0.002;-0.241;-0.253;-0.02;0.46;0.598;1.0;0.771;0.46;0.462;0.612;0.73;0.511;0.426;0.607;0.647;0.344;0.429;0.819;0.604;0.429;0.458;0.192;0.696;0.14;0.275;0.193;0.334;0.07
agg__sum_OfferedAmount;0.302;0.571;0.844;0.744;0.969;0.34;0.349;-0.086;0.579;0.046;-0.042;-0.086;0.037;0.463;0.675;0.591;0.813;0.366;0.384;0.007;0.579;0.062;0.124;0.007;0.074;-0.211;0.031;-0.197;-0.21;0.004;0.596;0.873;0.771;1.0;0.384;0.381;0.499;0.6;0.451;0.354;0.495;0.545;0.481;0.704;0.616;0.838;0.358;0.382;0.147;0.574;0.125;0.225;0.148;0.279;0.049
agg__sum_timesincelastevent;0.004;0.207;0.321;0.373;0.307;0.978;0.81;-0.067;0.496;-0.002;-0.009;-0.066;0.017;0.133;0.212;0.261;0.21;0.981;1.0;0.092;0.496;0.038;0.271;0.091;0.092;-0.316;-0.038;-0.285;-0.308;-0.053;0.26;0.4;0.46;0.384;1.0;0.82;0.425;0.539;0.347;0.327;0.422;0.458;0.134;0.212;0.256;0.206;0.981;0.966;0.289;0.491;0.291;0.405;0.286;0.559;-0.028
agg__sum_timesincecasestart;0.012;0.21;0.309;0.364;0.295;0.783;0.985;-0.069;0.587;-0.002;-0.015;-0.068;0.032;0.175;0.253;0.315;0.248;0.758;0.82;0.141;0.587;0.029;0.293;0.141;0.102;-0.315;-0.028;-0.305;-0.311;-0.031;0.268;0.396;0.462;0.381;0.82;1.0;0.511;0.64;0.41;0.382;0.507;0.55;0.174;0.252;0.309;0.243;0.763;0.895;0.355;0.58;0.246;0.485;0.353;0.579;-0.009
agg__sum_timesincemidnight;0.003;0.348;0.486;0.564;0.452;0.402;0.506;0.268;0.91;-0.017;-0.048;0.267;-0.026;0.339;0.466;0.561;0.438;0.401;0.425;0.487;0.91;-0.0;0.251;0.485;0.021;-0.143;-0.032;-0.331;-0.142;-0.067;0.382;0.532;0.612;0.499;0.425;0.511;1.0;0.883;0.625;0.577;1.0;0.811;0.342;0.471;0.562;0.44;0.403;0.445;0.533;0.91;0.133;0.484;0.533;0.383;0.0
agg__sum_event_nr;0.001;0.383;0.553;0.643;0.521;0.489;0.612;-0.078;0.974;-0.006;-0.044;-0.078;-0.005;0.341;0.485;0.585;0.462;0.502;0.539;0.202;0.974;0.015;0.283;0.201;0.052;-0.396;-0.025;-0.349;-0.393;-0.054;0.44;0.634;0.73;0.6;0.539;0.64;0.883;1.0;0.678;0.622;0.876;0.879;0.346;0.494;0.589;0.466;0.496;0.554;0.479;0.967;0.166;0.507;0.48;0.448;0.01
agg__sum_month;0.05;0.337;0.432;0.477;0.418;0.327;0.405;-0.073;0.697;0.623;-0.03;-0.073;0.387;0.321;0.402;0.459;0.396;0.328;0.347;0.13;0.697;0.635;0.197;0.13;0.415;-0.301;0.598;-0.239;-0.3;0.345;0.361;0.464;0.511;0.451;0.347;0.41;0.625;0.678;1.0;0.45;0.621;0.822;0.324;0.408;0.461;0.399;0.33;0.363;0.353;0.696;0.144;0.355;0.353;0.288;0.005
agg__sum_weekday;0.012;0.251;0.342;0.388;0.317;0.316;0.383;-0.061;0.641;-0.0;0.611;-0.061;-0.007;0.244;0.328;0.383;0.306;0.309;0.327;0.14;0.641;0.012;0.664;0.14;0.029;-0.286;-0.014;0.224;-0.285;-0.037;0.276;0.378;0.426;0.354;0.327;0.382;0.577;0.622;0.45;1.0;0.573;0.577;0.246;0.331;0.383;0.307;0.313;0.342;0.356;0.641;0.107;0.412;0.356;0.282;-0.005
agg__sum_hour;0.003;0.345;0.481;0.559;0.448;0.4;0.503;0.279;0.904;-0.017;-0.048;0.279;-0.027;0.337;0.462;0.556;0.434;0.398;0.422;0.494;0.904;-0.001;0.249;0.494;0.02;-0.133;-0.032;-0.329;-0.131;-0.068;0.379;0.528;0.607;0.495;0.422;0.507;1.0;0.876;0.621;0.573;1.0;0.805;0.34;0.468;0.557;0.436;0.4;0.442;0.531;0.903;0.132;0.481;0.532;0.38;-0.0
agg__sum_open_cases;0.016;0.381;0.526;0.601;0.501;0.435;0.545;-0.092;0.903;0.23;-0.044;-0.092;0.371;0.36;0.49;0.578;0.472;0.433;0.458;0.177;0.903;0.245;0.253;0.176;0.413;-0.38;0.218;-0.327;-0.378;0.325;0.413;0.571;0.647;0.545;0.458;0.55;0.811;0.879;0.822;0.577;0.805;1.0;0.363;0.497;0.581;0.475;0.436;0.483;0.462;0.902;0.112;0.479;0.463;0.373;0.012
agg__std_FirstWithdrawalAmount;0.24;0.927;0.502;0.371;0.516;0.116;0.172;-0.023;0.366;0.079;-0.012;-0.023;0.063;0.988;0.549;0.417;0.576;0.132;0.134;0.057;0.366;0.084;0.089;0.057;0.077;-0.113;0.072;-0.109;-0.113;0.048;0.865;0.468;0.344;0.481;0.134;0.174;0.342;0.346;0.324;0.246;0.34;0.363;1.0;0.558;0.423;0.582;0.127;0.14;0.149;0.364;0.051;0.178;0.15;0.128;-0.022
agg__std_MonthlyCost;0.27;0.522;0.913;0.474;0.768;0.185;0.246;-0.071;0.528;0.045;-0.041;-0.071;0.038;0.549;0.987;0.508;0.832;0.206;0.212;0.029;0.528;0.054;0.091;0.029;0.06;-0.177;0.036;-0.159;-0.176;0.017;0.486;0.836;0.429;0.704;0.212;0.252;0.471;0.494;0.408;0.331;0.468;0.497;0.558;1.0;0.518;0.843;0.2;0.218;0.17;0.526;0.072;0.205;0.171;0.183;0.025
agg__std_NumberOfTerms;0.103;0.4;0.492;0.904;0.673;0.225;0.302;-0.085;0.63;0.024;-0.059;-0.085;0.023;0.416;0.503;0.986;0.719;0.248;0.256;0.03;0.63;0.033;0.094;0.03;0.05;-0.21;0.015;-0.194;-0.209;-0.002;0.372;0.449;0.819;0.616;0.256;0.309;0.562;0.589;0.461;0.383;0.557;0.581;0.423;0.518;1.0;0.731;0.241;0.267;0.196;0.628;0.077;0.233;0.197;0.223;0.064
agg__std_OfferedAmount;0.385;0.549;0.79;0.67;0.917;0.181;0.237;-0.079;0.5;0.057;-0.045;-0.079;0.045;0.574;0.825;0.719;0.989;0.199;0.206;0.008;0.5;0.065;0.075;0.008;0.067;-0.169;0.049;-0.151;-0.168;0.024;0.508;0.72;0.604;0.838;0.206;0.243;0.44;0.466;0.399;0.307;0.436;0.475;0.582;0.843;0.731;1.0;0.195;0.214;0.141;0.498;0.068;0.18;0.142;0.178;0.042
agg__std_timesincelastevent;0.005;0.195;0.303;0.352;0.29;0.987;0.773;-0.065;0.47;-0.0;-0.003;-0.064;0.022;0.127;0.202;0.247;0.199;0.994;0.981;0.09;0.47;0.039;0.277;0.089;0.095;-0.319;-0.038;-0.291;-0.311;-0.047;0.241;0.373;0.429;0.358;0.981;0.763;0.403;0.496;0.33;0.313;0.4;0.436;0.127;0.2;0.241;0.195;1.0;0.953;0.299;0.466;0.291;0.424;0.295;0.55;-0.036
agg__std_timesincecasestart;0.006;0.201;0.315;0.37;0.304;0.957;0.9;-0.071;0.519;-0.001;-0.008;-0.07;0.024;0.142;0.224;0.279;0.224;0.944;0.966;0.105;0.519;0.036;0.288;0.104;0.099;-0.326;-0.036;-0.304;-0.319;-0.045;0.253;0.393;0.458;0.382;0.966;0.895;0.445;0.554;0.363;0.342;0.442;0.483;0.14;0.218;0.267;0.214;0.953;1.0;0.324;0.514;0.294;0.455;0.32;0.596;-0.021
agg__std_timesincemidnight;0.015;0.114;0.123;0.137;0.099;0.325;0.397;0.064;0.519;-0.017;0.001;0.064;-0.015;0.16;0.186;0.218;0.158;0.276;0.289;0.545;0.519;-0.006;0.28;0.543;0.021;-0.485;-0.03;-0.286;-0.483;-0.047;0.144;0.172;0.192;0.147;0.289;0.355;0.533;0.479;0.353;0.356;0.531;0.462;0.149;0.17;0.196;0.141;0.299;0.324;1.0;0.518;0.108;0.521;0.997;0.32;-0.029
agg__std_event_nr;0.0;0.382;0.556;0.646;0.525;0.464;0.573;-0.081;0.999;-0.006;-0.047;-0.081;-0.004;0.361;0.52;0.626;0.496;0.463;0.491;0.213;0.999;0.013;0.281;0.212;0.049;-0.41;-0.023;-0.357;-0.408;-0.051;0.418;0.605;0.696;0.574;0.491;0.58;0.91;0.967;0.696;0.641;0.903;0.902;0.364;0.526;0.628;0.498;0.466;0.514;0.518;1.0;0.152;0.527;0.519;0.433;0.008
agg__std_month;0.008;0.075;0.105;0.113;0.1;0.285;0.244;-0.019;0.154;0.033;0.001;-0.018;-0.046;0.052;0.073;0.079;0.07;0.292;0.291;0.032;0.154;0.102;0.098;0.032;-0.026;-0.111;-0.114;-0.095;-0.11;-0.099;0.093;0.13;0.14;0.125;0.291;0.246;0.133;0.166;0.144;0.107;0.132;0.112;0.051;0.072;0.077;0.068;0.291;0.294;0.108;0.152;1.0;0.148;0.106;0.286;0.001
agg__std_weekday;0.016;0.162;0.193;0.215;0.171;0.454;0.539;-0.031;0.529;-0.021;0.078;-0.031;0.001;0.188;0.218;0.251;0.195;0.39;0.405;0.23;0.529;-0.005;0.586;0.229;0.049;-0.35;-0.037;-0.461;-0.348;-0.042;0.195;0.247;0.275;0.225;0.405;0.485;0.484;0.507;0.355;0.412;0.481;0.479;0.178;0.205;0.233;0.18;0.424;0.455;0.521;0.527;0.148;1.0;0.52;0.428;-0.008
agg__std_hour;0.015;0.115;0.124;0.138;0.1;0.322;0.394;0.064;0.519;-0.017;0.001;0.065;-0.014;0.161;0.187;0.219;0.159;0.272;0.286;0.543;0.519;-0.006;0.28;0.545;0.021;-0.483;-0.03;-0.286;-0.484;-0.047;0.145;0.172;0.193;0.148;0.286;0.353;0.533;0.48;0.353;0.356;0.532;0.463;0.15;0.171;0.197;0.142;0.295;0.32;0.997;0.519;0.106;0.52;1.0;0.319;-0.028
agg__std_open_cases;0.013;0.157;0.23;0.271;0.222;0.57;0.597;-0.051;0.436;-0.02;-0.01;-0.05;-0.029;0.132;0.191;0.235;0.188;0.532;0.559;0.122;0.436;0.004;0.244;0.121;0.078;-0.271;-0.065;-0.274;-0.269;-0.14;0.193;0.286;0.334;0.279;0.559;0.579;0.383;0.448;0.288;0.282;0.38;0.373;0.128;0.183;0.223;0.178;0.55;0.596;0.32;0.433;0.286;0.428;0.319;1.0;-0.0
encoded_label;-0.012;-0.003;0.041;0.078;0.054;-0.03;-0.013;-0.018;0.008;-0.002;-0.014;-0.018;0.012;-0.03;0.019;0.057;0.037;-0.039;-0.028;-0.034;0.008;-0.002;-0.018;-0.033;0.013;-0.004;-0.001;-0.014;-0.004;0.013;-0.002;0.037;0.07;0.049;-0.028;-0.009;0.0;0.01;0.005;-0.005;-0.0;0.012;-0.022;0.025;0.064;0.042;-0.036;-0.021;-0.029;0.008;0.001;-0.008;-0.028;-0.0;1.0
